2)  0 : 1570546513.284257446
2)  1 : 1570546513.284272362
2)  2 : 1570546513.284272753
2)  3 : 1570546513.284272937
2)  4 : 1570546513.284273117
2)  5 : 1570546513.284273298
2)  6 : 1570546513.284273476
2)  7 : 1570546513.284273655
2)  8 : 1570546513.284273870
2)  9 : 1570546513.284274048
2) 10 : 1570546513.284274225
2) 11 : 1570546513.284274435
2) 12 : 1570546513.284274603
2) 13 : 1570546513.284274771
2) 14 : 1570546513.284274938
2) 15 : 1570546513.284275107
2) 16 : 1570546513.284275275
2) 17 : 1570546513.284275442
2) 18 : 1570546513.284275611
2) 19 : 1570546513.284275778
2) 20 : 1570546513.284275947
2) 21 : 1570546513.284276115
2) 22 : 1570546513.284276281
2) 23 : 1570546513.284276451
2) 24 : 1570546513.284276618
2) 25 : 1570546513.284276786
2) 26 : 1570546513.284276954
2) 27 : 1570546513.284277122
2) 28 : 1570546513.284277291
2) 29 : 1570546513.284277458
