1013266
946426
995891
998537
997655
997995
997319
994008
999123
1000755
999904
998305
998092
999454
999435
999439
1000186
998979
999546
1003817
996903
999641
998840
998681
998370
994317
999882
997124
999658
996719
998390
1001469
997029
997836
997691
1003936
997309
988594
993631
1004491
986750
997224
997821
988701
997944
999283
998260
998603
998305
999481
999344
998359
999410
998470
998346
999194
998839
998576
999548
999893
999790
999054
999383
999624
999568
999627
999544
999616
999720
999565
999496
999771
999398
999734
999494
1000033
999133
999571
999519
999708
999544
999585
999504
999619
999554
999588
999511
999751
999559
999575
999497
999754
999433
999598
999510
999763
1001452
998737
997517
999455
999814
999082
999197
999869
999495
999150
999797
999626
999501
999410
999840
999393
999412
999796
999658
1001059
998963
996782
999533
999586
999601
999616
999528
999754
999451
999627
999779
1001827
1001278
995194
996983
999146
999639
999493
999312
999890
999244
999515
999933
999500
999202
999600
999826
999620
999376
999378
999620
999814
999987
998834
999492
999635
999606
999614
999493
999580
999588
999601
999528
999658
999600
999598
999524
999781
999569
999426
999588
999638
999596
999594
999802
999307
999597
999606
999537
999601
999730
999445
999526
999935
999199
999604
999538
999715
999576
999482
999542
999619
999760
999568
999365
999798
999882
999157
999534
999678
999595
999613
999530
999752
999588
999581
999373
999777
999452
999622
999540
999653
1000385
999019
998987
1000049
999367
999595
999574
1000248
999031
998678
999523
999666
999609
999603
999531
999799
999400
999731
999490
999586
999610
999595
999828
999352
999883
999288
999401
999869
999600
999579
999352
999608
999601
999611
999526
999755
999445
999618
999523
999735
999587
999997
998990
999664
999888
999294
999818
999263
999608
999604
999525
999747
999560
999441
999532
999752
999896
999584
999207
999651
999590
999894
999209
999686
999574
999562
999646
999478
999568
999610
999530
999769
999409
999604
999531
999875
999576
999432
999532
999583
999591
999598
999529
999757
999423
999599
999550
999903
999433
999881
999205
999593
999593
999608
999537
999611
999582
999598
999529
1000935
998385
999360
999528
999722
999589
999605
999540
999663
999449
999608
1003656
995081
999254
999153
1002650
996520
999421
999607
999080
999738
999469
999659
999435
999936
999430
999556
999368
999824
999424
999597
999520
999872
999348
999606
999520
999580
999751
999454
999531
999607
999607
999924
999075
999688
999594
999611
999536
999620
999750
999467
999381
999698
999583
999608
999529
999891
999270
999616
999548
999711
999594
999459
999530
999777
999445
999596
999539
999776
999458
999603
999540
999736
999590
999455
999542
999737
999467
999607
999537
999790
999454
999605
999531
999592
999753
999450
999550
999659
999612
999619
999399
999794
999462
999620
999544
999609
999747
999588
999366
999783
999462
999595
999521
999767
999896
999156
999549
999739
999590
999460
999535
999766
999471
999615
999544
999636
999610
999617
999813
999325
999612
999572
999815
999291
999616
999603
999529
999626
999610
999613
999534
999777
999579
999555
999429
999625
999645
999459
999645
999638
999573
999512
999521
999598
999625
999740
999355
999899
999381
999610
999532
999750
999519
999576
999369
999753
999895
999274
999642
999609
999566
999568
999378
999759
999595
999560
999651
999602
999581
999583
999359
999744
999730
999450
999648
999479
999607
999602
999529
999579
999720
999582
999360
999749
999735
999442
999828
999434
999439
999773
999339
999610
999612
999715
999472
999680
999467
999613
999526
999701
999546
999722
999473
999809
999435
999553
999479
999720
999545
999547
999629
999691
999561
999562
999470
999682
999584
999560
999477
999857
999406
999723
999475
999680
999563
999556
999474
999675
999574
999560
999639
999675
999552
999575
999477
999702
999576
999559
999480
999696
999583
999574
999504
999718
999529
999551
999627
999724
999565
999586
999472
999697
999551
999559
999482
999726
999559
999569
999476
999730
999568
999561
999472
999707
999583
999559
999486
999813
999557
999566
999482
999696
999555
999555
999500
979614
999104
999519
999486
999767
999548
999555
999480
999717
999576
999561
999485
999721
999581
999585
999478
999776
999384
999725
999486
999682
999549
999556
999471
999690
999580
999656
999450
999869
999310
999718
999487
999715
999739
999349
999446
999752
999574
999570
999485
999736
999544
999588
999503
999712
999559
999562
999472
999690
999579
999560
999507
999562
999707
999574
999475
999725
999544
999561
999483
999764
999592
999559
999473
999767
999555
999579
999458
999777
999382
999709
999470
999715
999579
999561
999476
999727
999537
999569
999471
999702
999552
999556
999629
999743
999406
999560
999495
999857
999389
999729
999472
999738
999545
999549
999471
999684
999577
999553
999486
999859
999395
999723
999478
999675
999551
999561
999475
999831
999439
999569
999646
999563
999548
999553
999642
999695
999564
1001697
997267
999795
999508
999566
999482
999733
999551
999574
999474
999696
999551
999561
999630
999678
999594
999551
999471
999725
999550
999562
999475
999697
999557
999566
999642
999564
999572
999569
999502
999855
999373
999712
999479
999679
999553
999548
999653
999686
999423
999573
999632
999713
999563
999565
999473
999743
999565
999647
999443
999540
999470
999715
999357
999784
999885
999270
999521
999640
999580
999600
999825
999304
999595
999588
999531
999646
999603
999614
999378
999787
999476
999616
999546
999864
999407
999561
999632
999721
999553
999565
999469
999690
999553
999554
999482
1006592
992831
999445
999473
999631
999549
999553
999644
999558
999558
999717
999505
999669
999585
999562
999487
999709
999589
999544
999483
999788
999393
999725
999475
999693
999575
999564
999489
999639
1000510
998883
999289
999283
999584
999556
999469
999793
999494
999722
999481
999721
999391
999719
999495
999668
999549
999553
999474
999837
999442
999534
999641
999714
999387
999721
999468
999678
999570
999557
999477
999690
999581
999588
999670
999503
999585
999529
999470
999710
999555
999548
999640
999699
999538
999564
999477
999750
999551
999544
999489
999700
1002544
996622
999468
999680
999573
999551
999470
999694
999557
999711
999460
999662
999566
999556
999473
999838
999426
999739
999441
999706
999540
999541
999462
999826
999543
999540
999496
999696
999586
999552
999472
999672
999552
999747
999443
999727
999548
999550
999487
999659
999569
999565
999483
999700
999563
999714
999466
999659
999548
999597
999451
999691
999575
999566
999633
999689
999559
999553
999476
999712
999552
999551
999464
999819
999571
999593
999443
999948
999176
999562
999502
999766
999556
999550
999476
999693
999616
999674
999282
999711
999549
999596
999473
999700
999543
999553
999470
999816
999565
999556
999651
999933
998783
999685
999468
999620
999548
999764
999281
1000018
999249
999718
999466
999706
999537
999542
999466
999832
999549
999540
999471
999666
999567
1011105
988044
999709
999548
999546
999459
999826
999381
999704
999464
999777
999534
999568
999484
999757
999491
999545
999511
999665
