1003082
986372
998879
999507
999496
999772
999374
999707
999468
999855
999446
999654
999275
999795
999412
999529
999633
999792
999361
999732
1001451
998140
997846
999194
999848
999648
999379
999399
999666
1000096
999191
999359
998806
999808
999553
999644
999017
999752
999675
1000429
999324
997337
999237
999674
999468
999725
999533
999659
999417
1000097
999468
1001027
1001420
995554
997946
999718
999083
999430
999371
999542
999657
1000148
998702
999296
999579
999489
999630
999630
999577
999456
999390
999576
999430
999775
999382
999561
999650
999664
999508
999563
999500
999622
999549
999709
999487
999655
999574
999562
999490
999730
999561
999551
999493
999727
999554
1001526
997091
999301
999171
999543
999637
999671
999551
999551
999478
999697
999552
999557
999660
999623
999581
999551
999498
999514
999713
999541
999660
999567
999556
999548
999646
999643
999553
999557
999501
999797
999391
999709
999503
999496
999704
999555
999484
999828
999402
999727
999485
999635
999554
999551
999640
999545
999553
999709
999506
999602
999558
999555
999644
999531
999705
999543
999487
999675
999565
999545
999652
999609
999555
999548
999669
999526
999552
999717
999477
999632
999542
999550
999655
999627
999554
999554
999490
1000144
999228
999516
999496
999517
999705
999532
999464
999780
999547
999549
999479
999759
999525
999705
999266
999701
999585
999593
999544
999700
1000616
998597
998347
999718
999553
999551
999477
999760
999553
999566
999480
999862
999348
999722
999848
999272
999535
999555
999500
999818
999545
999571
999462
999721
999470
999557
999649
999616
999567
999557
999485
999797
999525
999551
999492
999775
999589
999545
999497
999638
999549
999550
999661
999569
999559
999546
999646
999646
999519
999562
999492
999738
999555
999557
999488
999743
999556
999581
999463
999776
999570
999551
999498
999821
999371
999724
999492
999677
999562
999551
999500
999775
999570
999545
999480
999641
999550
999714
999478
999658
999556
999519
999497
999786
999564
999555
999488
999725
999554
999547
999494
999766
999551
999542
999491
999819
999372
999711
999499
999643
999557
1000343
998265
999526
999581
999586
999661
999736
999367
999723
999488
999828
999380
999561
999505
999569
999747
999567
999496
999645
999564
999573
999507
999734
999570
999572
999500
999832
999222
999584
999533
999746
999532
999544
999483
999738
999549
999546
999644
999662
999542
999550
999485
1008644
990667
999520
999491
999604
999701
999549
999494
999707
999549
999550
999478
999781
999556
999552
999486
999809
999402
999689
999502
999586
999554
999721
999487
999616
999579
999557
999499
999830
999397
999717
999493
999679
999553
999535
999490
999807
999748
999173
999846
999337
999405
999559
999527
999711
999879
999551
999204
999732
999545
999924
999434
999478
999422
999607
999833
999385
999425
1000480
998315
999720
999464
999556
999490
999711
999545
999536
999651
999528
999706
999541
999476
999804
999559
999536
999487
999724
999547
999552
999487
999717
999544
999700
999487
999659
999560
999544
999467
999731
999552
999545
999636
999543
999694
999547
999480
999772
999553
999551
999480
999725
999549
999548
999642
999579
999551
999707
999482
999619
999506
999541
999640
999743
999375
999716
999496
999582
999713
999555
999502
999650
999552
999554
999484
999740
999558
999557
999552
999670
999504
999596
999524
999740
999436
999716
999486
999698
999568
999517
999638
999543
999704
999526
999467
999785
999549
999546
999474
999725
999534
999695
999489
999657
999465
999545
999637
999631
999549
1000388
998183
999761
999498
999550
999450
999733
999537
999689
999470
999827
999349
999682
999469
999789
999544
999544
999469
999711
999538
999525
999653
999699
999535
999511
999474
999600
999692
999539
999464
999706
999690
999544
999463
999789
999535
999532
999479
999727
999536
999521
999630
999633
999525
999705
999470
999644
999548
999547
999633
999557
999712
999528
999480
999677
999535
999700
999467
999776
999561
999532
999477
999714
999528
999533
999639
999534
999697
999533
999456
999768
999551
999574
999440
999723
999527
999698
999479
999612
999716
999503
999472
1000655
1000051
997569
999403
999354
999321
975538
1003912
994733
999281
999477
999845
999995
999217
999479
999326
1000261
1002243
997861
997228
999501
999501
999557
999638
999702
999511
999549
999490
999766
999542
999552
999487
999723
999549
999549
999644
999562
999568
999540
999642
999743
999380
999723
999618
999554
999517
999549
999482
999773
999565
999536
999488
999741
999530
999546
999473
999707
999542
999700
999487
999645
999577
999543
999636
999652
999540
999543
999472
999725
999547
999695
999468
999631
999574
999547
999639
999563
999537
999709
999468
999719
999548
999536
999629
999599
999561
999556
999646
999651
999545
999541
999486
999786
999550
999542
999483
999786
999580
999514
999457
999739
999541
999557
999480
999726
999544
999704
999478
999761
999382
999693
999478
999604
999701
999538
999477
999715
999522
1000375
998182
999933
999307
999559
999650
999574
999549
999552
999641
999547
999723
999554
999500
999783
999405
999589
999490
999793
999551
999554
999491
999774
999548
999549
999489
999810
999429
999558
999653
999565
999560
999553
999670
999570
999559
999566
999652
999627
999577
999562
999496
999579
999720
999562
999491
999586
999729
999563
999481
999794
999405
999551
999659
999565
999554
999716
999487
999620
999550
999555
999646
999602
999561
999555
999493
999742
999558
999555
999497
999735
999564
999553
999661
999689
999407
999702
999478
999581
999704
999528
999468
999581
999726
999557
999479
999784
999700
999351
999463
999595
999721
999552
999478
999705
999568
999552
999474
999769
999591
1000370
998129
999736
999498
999589
999537
999734
999426
999592
999543
999893
999526
999566
999495
999655
999555
999559
999475
999712
999558
999552
999638
999647
999555
999548
999490
999761
999554
999549
999481
999706
999567
999559
999643
999632
999563
999554
999471
999730
999564
999550
999475
999704
999549
999713
999486
999639
999570
999555
999493
999742
999555
999564
999491
999712
999550
999557
999486
999776
999564
999561
999492
999743
999554
999556
999478
999705
999559
999561
999639
999611
999570
999705
999300
1000167
998570
999562
999556
999599
999627
999582
999529
999784
999550
999578
999506
999764
999385
999710
999484
999756
999393
999718
999489
999795
999264
999707
999492
999736
999536
1001143
997228
999278
999701
999543
999463
999894
999352
999508
999632
999724
999518
999526
999468
999566
999703
999531
999615
999660
999553
999541
999475
999758
999331
999719
999483
999587
999699
999536
999471
999702
999575
999536
999476
999749
999545
999537
999485
999742
999554
999539
999633
999629
999540
999538
999486
999751
999546
999532
999469
999830
999365
999689
999475
999778
999406
999538
999639
999590
999551
999705
999476
999550
999710
999531
999469
999795
999501
999501
999453
999615
999708
999535
999472
999588
999698
999535
999473
999825
999398
999680
999475
999592
999548
999699
999471
999660
999535
999538
999471
999784
999570
999551
999471
999742
999545
999544
999470
999806
999536
999524
1000257
998536
999345
999703
