1015230
995550
998587
999564
999374
996200
999569
1000184
1000391
999306
999937
999939
999877
1000244
999778
1000102
999866
1000269
1003154
998468
998398
1000477
999623
1000771
998924
1001085
999016
1001013
998827
1001454
998794
1000710
999000
1001122
998984
1000007
1000737
999897
998984
999945
999872
1000220
999762
1000096
999866
1000041
999952
1002383
999388
998762
999809
1000043
998614
1000519
998560
1000963
999024
1000951
999118
1000988
999058
1000766
998910
1000120
1000764
1000347
998892
999609
999855
1000041
999935
1000087
999842
1000113
999929
999934
1000012
1000114
999958
999924
999859
1000151
999918
999933
999999
1000035
1000099
999917
999893
1002042
998102
1000180
999960
999865
1000090
999771
999855
1000113
999818
999986
999985
1000338
999863
999935
999879
1000119
999914
999997
999853
1000108
999927
1000089
999851
1000242
999813
999923
1000009
999989
1000082
999918
999856
1000207
1000059
999919
999845
1000193
999785
1000087
999853
1000116
999939
999932
999995
999956
1000092
999936
999996
1000031
999962
999930
1000008
999994
1000087
999928
999852
1000126
999920
1000084
999856
1000259
999799
1000248
999826
999924
999929
1000085
999792
1000028
999981
999982
999915
1000268
999815
1000087
999871
1000167
999921
999917
999846
1000108
1000094
999918
999852
1000209
999969
999941
999852
1000094
999937
1000086
999851
1000078
999938
1000088
999857
1000200
999916
999942
999855
1000222
999933
1000006
999887
1000094
999928
999946
1000017
999984
999950
999952
1000027
999851
999988
999979
999910
1000135
999991
999980
999917
1000124
999846
999983
1000019
1000094
999938
1000086
999845
1000059
999945
1000099
999850
1000191
999808
1000100
999848
1000114
999944
999928
1000020
999961
1000084
999924
999853
1000210
999956
999940
1000189
999916
1000599
999552
999579
1000016
999931
999981
999912
1000146
1000111
999939
999864
1000021
1000100
999951
999852
1000138
1000019
999948
999850
1000291
999733
1000106
999872
999958
1000084
999936
999850
1000201
999949
999943
1000017
1000034
999980
999923
999872
1000156
999934
999936
1000005
999974
1000094
999933
999860
1000196
999970
999947
999861
1000137
1000268
999653
1000194
999681
1000098
999937
1000019
1000032
999961
999940
1000025
1000026
999932
999931
1000003
1000016
999946
1000110
999855
1000042
999961
1000100
999851
1000117
999926
999924
1000021
999951
1000093
999926
999851
1000172
999964
999955
999855
1000151
999926
999935
1000017
999959
1000093
999945
999846
1000201
999953
999945
999869
1000140
999947
999946
1000005
999963
1000100
999935
999854
1000232
999957
999942
999872
1000126
999935
999940
1000017
999964
1000095
999933
999847
1000097
999967
999951
1000017
999871
1000209
999770
999915
1000159
1000275
999659
999914
999986
1000119
999944
1000007
999945
1000099
999937
999854
1000112
999942
1000094
999850
999972
1000002
1000098
999879
1000054
999931
1000115
999857
999991
999984
999988
999918
999999
1000003
1000097
999875
1000183
999937
999942
999864
999996
999988
1011368
988621
999951
999999
1000083
999870
1000210
999944
999940
999843
1000107
999935
1000081
999849
1000202
999796
1000096
999885
1000114
999931
999918
1000007
1000014
999939
1000080
999849
1000195
999956
999933
999854
1000108
999929
1000075
999860
1000108
999930
999925
1000016
1000179
999794
1000090
999845
1000136
999935
999939
1000009
999949
1000088
999929
999861
1000202
999957
999930
999866
1000191
999932
999917
1000002
999947
1000079
999926
1000015
1000003
999959
999936
1000023
999968
1000087
999920
999996
999926
1000075
999950
999846
1000204
999951
999930
1000017
999954
1000096
999926
999865
1000099
999914
1000078
999848
1000162
999958
999934
1000020
999981
999933
1000082
999850
1000095
999921
1000084
999865
1000189
999802
1000087
999847
1000117
999930
1000076
999854
999967
1000084
999930
1000004
1000006
999953
1000091
1011277
988598
999993
1000020
999846
1000097
999924
1000074
999909
1000109
999956
999948
999848
1000111
999919
1000081
999861
1000104
999917
1000092
999852
1000185
999951
999932
999843
1000097
999931
1000080
999844
1000129
999906
1000078
999850
1000227
999792
1000097
999854
1000142
999917
999934
1000019
1000007
1000350
999923
999636
1000198
999727
1000093
999855
1000148
999914
999910
1000035
1000030
999929
999927
1000007
1000081
999954
999935
1000073
999946
1000273
999665
1000005
1000130
999917
999918
999851
1000173
999949
999918
999848
1000072
1000082
999932
999861
1000046
1000081
999931
999848
1000295
999778
1000100
999862
1000057
999937
1000082
999849
1000125
999918
999924
1000003
1000096
999949
999925
1000025
999969
999928
1000097
999859
1000094
999942
1000078
999844
1000222
999810
1000092
999843
1000118
999934
999918
1000013
999958
1000109
999929
999851
1000184
999967
999930
999853
1000130
999930
1000087
999853
1000074
999916
1000097
999857
1000097
999957
999922
1000016
1000030
999940
1000094
999847
1000044
999931
1000090
999851
1000090
999946
1000091
999847
1000081
999920
1000088
999847
1000176
999939
999925
999846
1000188
999952
999935
999860
1000218
999941
999927
999843
1000210
999921
999934
1000021
1000032
999976
999939
1000014
999970
1000085
999924
999848
1000108
999929
1000082
999861
1000205
999801
1000088
999850
1000142
999935
999940
1000013
999949
1000086
999918
999846
1000184
999954
999936
1000004
1000052
999928
999928
1000011
1000021
999928
1000096
999857
1000170
999961
999927
999859
1000149
999929
1000088
999848
1000084
999932
999934
1000009
1000029
999960
1000090
999849
1000035
999919
1000082
999852
1000118
999922
1000081
999843
1000189
999959
999934
999849
999993
1000083
999927
1000014
999956
1000094
999924
999841
1000212
999956
999927
999852
1000225
999925
999944
999859
1000052
1000096
999936
999857
1000194
999952
999932
999854
1000119
999925
1000099
999854
1000104
999929
1000087
999859
1000049
999958
999941
1000018
999986
1000099
999935
999852
1000145
999940
999938
1000023
1000014
999974
999941
1000014
999971
1000091
999932
999849
1000108
999936
1000091
999852
1000036
999976
999939
1000012
1000038
999929
1000095
999863
1000129
999931
999936
1000013
1000058
999969
999932
999865
1000126
999924
1000091
999851
1000095
999936
999938
1000026
1000003
999975
999937
1000019
999995
1000090
999933
999850
1000509
999553
999945
1000017
1000108
999963
999938
999858
1000046
1000098
999957
1001605
998880
999460
1000142
999841
1000513
999575
999921
999866
1000067
999923
1000112
999903
1000489
999630
1000066
999803
999958
1000096
999868
999845
1000109
1000025
999933
1000027
999977
999955
999986
1000006
1000046
999967
999942
999875
1000157
999939
999937
1000041
1000063
999934
999950
999866
1000128
999840
1000094
999879
1000062
1000119
999961
999867
1000106
1000199
999654
999919
999971
1000126
999946
999861
1000218
999940
999949
999858
1000211
999954
999959
999912
1000055
999971
999947
999868
1000031
1000000
999987
999922
1000155
999826
999988
999917
1000144
1000008
1000109
999854
999924
1000096
999966
999757
1000163
999976
999987
999918
1000124
999964
999947
1000029
999973
999996
1000274
999594
1000113
999870
999979
999928
1000160
999966
999941
1000030
999926
1000103
999951
999873
1000129
999810
999991
999910
1000211
999985
999932
1000029
999984
999942
1000101
999875
1000349
999870
999943
999693
1000093
999938
1000093
999853
999942
1000098
999936
1000023
1000218
999743
999935
1000045
1000028
999978
999959
999882
1000151
999955
999963
999867
1000226
999786
999985
999911
1000188
999952
999957
999857
1000165
999933
1000150
999886
999965
1000088
999936
