1003030
991919
995920
997775
997504
994830
998941
999583
999512
999636
1000793
997972
999484
999813
999264
999571
999453
999711
999580
999549
999468
1006536
989930
998807
998334
999564
998162
999260
999768
1000062
997542
999369
999468
998388
999320
998444
998399
999548
998328
1002010
995848
1002958
992635
999037
999441
999694
999539
999898
999499
999387
999464
999621
1005470
996084
998365
995398
998122
998755
998185
998443
998297
998686
998349
998555
998326
999901
997649
998309
999506
997143
998304
998585
998547
998626
999569
999590
999527
999827
999510
999562
999476
999683
999564
999544
999478
999586
999723
999554
999495
999712
999601
999565
999496
999448
999719
999565
999476
999790
999559
999558
999479
999713
999607
999557
999500
999641
999561
999558
999481
999635
999728
999581
999486
999700
999444
999567
999638
999476
999728
999557
999475
999607
999723
999550
999467
999801
999437
999550
999485
999800
999531
999564
999484
999649
999549
999556
999480
999754
999605
999568
999477
999645
999539
999561
999492
999653
999705
999573
999492
999730
999437
999559
999480
999776
999586
999676
999301
999555
999718
999563
999479
999705
999617
999563
999508
999698
999548
999568
999474
999597
999559
999712
999470
999704
999589
999563
999479
999642
999578
999579
999473
999749
999560
999557
999481
999720
999633
999400
999500
999585
999719
999562
999476
999627
999730
999553
999492
999705
999434
999589
999491
999915
999411
999551
999474
999606
999741
999560
999476
999714
999612
999573
999488
999592
999555
999564
999480
999611
999725
999561
999482
999697
999591
999562
999479
999666
999539
999577
999487
999623
999727
999573
999490
1000646
997749
999749
999493
999692
999511
999589
999507
999681
999593
1001421
999246
997121
998819
998433
999218
998701
998174
998460
998306
998735
998186
998477
998177
998610
999067
999419
999392
999600
998481
998579
999532
1000879
998277
999622
999542
999694
999579
999502
999543
999657
999755
999577
999506
999612
999603
999582
999501
999701
999587
999579
999501
999661
999584
999576
999506
999643
999585
999583
999497
999745
999608
999579
999501
999740
999592
999570
999489
999625
999577
999590
999506
999732
999585
999590
999492
999772
999389
999563
999490
999611
999726
999565
999487
999711
999577
999569
999502
999553
999732
999571
999498
999582
999731
999539
999486
999645
999553
999445
999512
999789
999867
999283
999816
999318
999588
999602
999530
999731
999594
999569
999499
999723
999568
999571
999500
999599
999727
999570
999496
999698
999599
999544
999494
999595
999571
999579
999496
999595
999738
999573
999486
999744
999576
999552
999498
999594
999566
999575
999489
999747
999569
999574
999491
999732
999569
999572
999487
999575
999730
999568
999489
999617
999560
999728
999487
999722
999413
999735
999520
1000449
998824
999316
999554
999682
999526
999567
999512
999671
999551
999563
999529
999609
999731
999565
999516
999643
999574
999576
999522
999675
999576
999564
999521
999722
999570
999568
999526
999669
999554
999585
999512
999734
999431
999546
999679
999437
999707
999555
999509
999577
999717
999576
999500
999671
999571
999560
999515
999566
999734
999568
999509
999576
999722
999556
999508
999673
999590
999558
999516
999638
999563
999470
999682
999619
999543
999556
999671
999676
999515
999403
999693
999575
999550
999728
999514
999531
999718
999562
999502
999648
999564
999575
999527
999559
999719
999578
999495
999562
999730
999572
999514
999639
999590
999562
999543
999523
999717
999561
999508
999627
999553
999735
999506
999780
999214
999583
999528
999687
999559
999570
999524
999814
999405
999727
999512
999658
999620
999923
999205
999745
999519
999258
999476
999820
999411
999725
999511
999654
999589
999572
999522
999560
999903
999369
999500
999658
999571
999650
999316
999762
999524
999566
999525
999663
999560
999572
999739
999551
999569
999566
999511
999682
999592
999577
999495
999608
999714
999580
999506
999713
999626
999383
999511
999688
999574
999570
999548
999650
999553
1000031
999152
999634
999573
999563
999520
999650
999585
999576
999525
999661
999562
999562
999499
999665
999564
999580
999521
999670
999580
999572
979093
998651
999563
999719
999501
999633
999564
999577
999754
999643
999560
999455
999513
999596
999551
999543
999634
999542
999705
999539
999478
999704
999549
999551
999488
999765
999557
999566
999501
999617
999729
999557
999491
999789
999394
999561
999642
999511
999613
999605
999824
999295
999607
999692
999325
999711
999602
999540
999643
999553
999708
999554
999486
999589
999691
999550
999485
999719
999566
999551
999521
999707
999537
999555
999470
999872
999408
999702
999473
999718
1005898
993453
999143
999626
999726
999560
999496
999729
999529
999561
999479
999717
999560
999549
999484
999743
999558
999542
999492
999740
999545
999551
999515
999810
999533
999560
999478
999696
999551
999548
999478
999865
999393
999713
999467
999676
999563
999564
999501
999660
999530
999715
999483
999566
999734
999537
999473
999698
999561
999560
999482
999754
999543
999550
999632
999588
999517
999701
999482
999699
999588
999558
999477
999610
999724
999549
999480
999596
999712
999550
999467
999802
999351
999743
999462
999750
999392
999714
999475
999728
999554
999560
999475
999695
999572
999556
999498
999659
999692
999560
999478
999710
999553
999548
999478
999694
999569
999564
999483
999764
999564
999578
999453
999611
999691
999560
999481
999719
999568
999552
999475
999771
999555
999562
999474
999772
999560
999550
999472
999749
999542
999553
999484
999615
999709
999549
999474
999614
999728
999552
999481
999685
999564
999563
999912
999493
999614
999169
999490
999797
999541
999494
999539
999658
999559
999608
999548
999582
999612
999610
999831
1006072
992836
999872
999504
999292
999608
999601
999527
999676
999533
999622
999538
999651
999583
999605
999813
999286
999640
999583
999821
999339
999589
999616
999510
999691
999405
999586
999516
999779
999434
999969
999106
999598
999616
999867
999196
999625
999616
999599
999800
999290
999600
999597
999516
999742
999471
999596
999516
999775
999439
999605
999493
999752
999453
999595
999514
999762
999892
999275
999519
999608
999597
999603
999520
999741
999477
999577
999523
999625
999594
999594
999510
999747
999888
999269
999520
999595
999604
999588
999515
999752
999466
999586
999509
999753
999879
999275
999541
999600
999600
999594
999514
999607
999591
999591
999524
999767
999433
999604
999511
999736
999616
999880
999190
999748
999448
999596
999519
999748
999898
999561
999198
999580
999608
999587
999510
999741
999881
999283
999518
999617
999593
999592
999540
999599
999602
999594
999511
999614
999587
999593
999520
999750
999883
999274
999523
999617
999625
999573
999524
999594
999580
999589
999532
999755
999431
999597
999536
999902
999389
999758
999470
999703
999407
999634
999390
999739
999585
999595
999810
999265
999601
999591
999510
999751
999875
999268
999519
999612
999599
999594
999521
999866
999433
999579
999495
999836
999554
999471
1000388
998340
999492
999555
999483
999816
999538
999560
999511
999681
999726
1004451
992730
999660
998912
998538
