1002925
987126
998951
999546
999487
999739
999405
999633
999521
999925
999271
999551
999502
999701
999584
999599
999504
999611
999589
999574
999711
1001220
997171
999302
999378
999629
999495
999302
999481
999495
999468
999399
999472
999708
999371
999397
999726
999476
999462
1001305
999833
997610
997387
999408
999527
999616
999506
999561
999527
1000015
999368
1000020
1002368
996765
996860
998713
999654
999347
998817
999837
999236
999728
999470
999327
999221
999550
999667
999795
999122
999815
999673
999205
999374
999630
999500
999621
999392
999769
999547
999569
999663
999550
999563
999560
999662
999699
999403
999721
999514
999616
999580
999534
999507
999708
999567
999506
999736
999577
999576
999563
999508
999744
999559
999577
999493
999718
999553
999527
999490
999721
999580
999556
999493
999754
999564
999569
999487
999722
999549
999548
999478
999715
999604
999560
999503
999768
999404
1000103
999321
999266
999564
999550
999514
1000583
999340
998556
999273
999685
1002062
996775
998609
999346
999246
999407
999742
999428
999398
999390
999769
999727
999577
999403
999215
999668
999497
999346
999520
999566
999490
999635
999645
999596
999551
1000207
998733
999676
999895
999291
999450
999770
999584
999522
999477
999666
999477
999618
999545
999637
999610
999616
999532
999595
999729
999543
999366
999785
999476
999592
999548
999704
999551
999605
999537
999609
999613
999630
999467
999751
999482
999604
999653
999544
999816
999384
999518
999636
999560
999551
999639
999545
999548
999610
999545
999609
999625
999621
999846
999286
999724
999468
999607
999484
999628
999630
999518
999618
999615
999622
999386
999897
999450
999555
999615
999660
999546
999478
999528
999657
999621
999611
999547
999755
999620
999485
999386
999767
999532
999477
999623
999708
999467
999748
999353
999757
999581
999551
999641
999468
999608
999620
999549
999613
999615
1006549
992431
999768
999561
999587
999453
999682
999613
999473
999548
999765
999448
999618
999548
999618
999714
999444
999644
999568
999698
999474
999508
999654
999608
999619
999401
999889
999558
999565
999379
999622
999590
999613
999564
999586
999608
999623
999524
999635
999574
999898
999504
999343
999614
999459
999547
999774
999457
999623
999542
999619
999718
999460
999510
999688
999606
999910
999221
999623
999602
999486
999549
999772
999457
999889
999295
999586
999520
1009781
989196
999768
999892
999573
999217
999668
999549
999538
999546
999623
999590
999617
999828
999311
999605
999606
999852
999288
999632
999538
999614
999573
999687
999438
999534
999665
999625
999902
999510
999277
999713
999534
999555
999624
999458
999604
999411
999745
999602
999468
999541
999759
999463
999694
999408
999759
999611
999460
999567
999605
999606
999614
999541
999605
999625
999622
999811
999298
999617
999602
999525
999611
999611
999613
999396
999784
999459
999620
999553
999633
999601
999608
999527
999664
999898
999575
999213
999627
999726
999430
999520
999624
999611
999601
999526
999616
999612
999598
999516
999617
999610
999605
999523
999624
999682
999536
999524
999712
999520
999598
999549
999736
999541
999525
999525
999616
999608
999605
999827
999347
999580
999904
999502
999445
999560
999437
999612
999713
999464
999608
999538
999627
999597
999614
999538
999629
999911
999215
999612
999556
999609
999613
999558
999611
999898
999571
999199
999702
999573
999568
999438
999558
999686
999888
999199
999634
999609
999898
999210
999596
999617
999698
999361
999615
999612
999610
999528
999607
999601
999606
999539
999596
999624
999696
999380
999835
999447
999605
999847
999315
999615
999914
999491
999307
999615
999626
999360
999792
999541
999692
999380
1000403
998821
999688
999447
999789
999536
999585
999463
999682
999549
999587
999481
999677
999551
999573
999471
999868
999412
999557
999655
999532
999712
999445
999526
999607
999622
999614
999539
1000807
998422
999522
999622
999648
999556
999530
999586
999618
999465
999766
999311
999813
999640
999437
999526
999662
999624
999473
999552
999630
999613
999616
999563
999635
999473
999710
999464
999747
999520
999603
999824
999291
999610
999617
999839
999269
999697
999548
999462
999723
999703
999540
984872
994489
999576
999601
999529
999696
999558
999553
999631
999640
999445
999612
999549
999647
999702
999454
999544
999603
999742
999441
999734
999445
999613
999605
999417
999650
999612
999611
999542
999691
999653
999566
999369
999798
999445
999607
999549
999636
999600
999615
999543
999610
999621
999460
999650
999694
999440
999627
999522
999747
999543
999447
999533
999797
999446
999719
999499
999766
999520
999517
999563
999665
999441
999607
999541
999627
999612
999632
999493
999698
999646
999545
999396
999770
999902
999295
999393
999766
999581
1000033
1006840
994550
997145
999007
999339
999722
999560
999471
999530
999776
999543
999713
999496
999634
999425
999750
999447
999654
999893
999574
999204
999608
999611
999606
999831
999308
999713
999565
999495
999635
999474
999620
999553
999631
999724
999442
999525
999634
999705
999443
999536
999624
999605
999617
999540
999646
999726
999435
999524
999757
999450
999620
999550
999584
999615
999615
999542
999614
999620
999712
999356
999876
999439
999478
999544
999742
999900
999585
999219
999617
999731
999563
999498
999749
999727
999289
999388
999757
999616
999882
999501
999373
999548
999609
999388
999748
999712
999454
999533
999655
999612
999909
999511
999296
999731
999432
999523
999888
999420
999559
999647
999859
999118
999624
999634
999754
999519
999560
999363
999783
999448
999600
999545
999643
999608
999610
999532
999622
999713
999438
999525
999770
999451
999614
999542
999614
999617
999609
999516
999631
999608
999615
999400
999823
999567
999545
999535
999625
999603
999609
999827
999490
999737
999299
999391
1000018
999295
999769
999510
999437
999580
999605
999661
999603
999558
999548
999658
999680
999456
999472
999534
999747
999883
999289
999828
999256
999594
999606
999665
999490
999596
999608
999539
999599
999603
999600
999544
999597
999627
999586
999547
999584
999597
999597
999558
999599
999603
999609
999547
999604
999597
999609
999665
999577
999433
999604
999549
999761
999435
999601
999541
999760
999479
999720
999503
999459
999625
999603
999540
999595
999600
999604
999553
999583
999864
999589
999299
999669
999591
999899
999230
999606
999590
999590
999542
1002705
996752
997959
999532
999094
999373
999822
999184
999576
999505
999998
998983
1000011
999533
999293
999465
1000045
999285
999492
999509
999479
999595
999717
999485
999514
999707
999466
999537
999867
999540
999452
999551
999790
999502
999445
999552
999682
999602
999711
999487
999668
999545
999466
999543
999936
999259
999615
999530
999595
999606
999620
999662
999552
999781
999342
999381
1000755
998225
999475
999635
999688
999424
999616
999474
999606
999594
999602
999547
999626
999597
999607
999540
999594
999593
999616
999661
999747
999392
999446
999529
999664
999490
999604
999544
999613
999604
999727
999384
1000047
999213
999710
999488
999621
999545
999604
999547
999589
999619
999731
999383
999990
999567
999569
999223
999597
999595
999596
999535
999607
999692
999436
