1003193
987864
1001274
1002713
996247
997379
997389
998467
997273
998351
997118
994532
999040
999584
999804
999352
999701
999387
999749
999590
999518
999932
999055
999754
999432
999331
999558
999339
999548
999619
999523
999656
999977
999039
999545
999711
999612
999479
999558
999797
999450
999621
999532
999675
999609
999471
999535
999798
999453
999614
999533
56766877
230631
998627
999346
999617
999752
999427
999550
999544
999858
999461
999465
999537
12760131
239279
999247
999383
999521
999769
999883
999582
999221
999658
999891
999294
999379
12759146
240228
999566
999475
999653
999661
999550
999441
999535
999756
999551
1000006
999069
12759164
240018
999408
999499
999530
999662
999606
999901
999204
999650
999594
999893
999209
12760545
238348
999414
999459
999521
999920
999547
999453
999645
999508
999713
999461
999651
12759179
240098
999402
999554
999638
999710
999578
999543
999418
999696
999558
999475
999541
12759053
240403
999389
999565
999631
999716
999396
999733
999416
999746
999436
999610
999641
12759870
239019
999575
999558
999487
999632
999709
999537
999472
999645
999546
999703
999471
12758943
240407
999402
999567
999476
999664
999717
999550
999466
999592
999709
999548
999464
12759031
240234
999567
999545
999471
999819
999555
999547
999464
999802
999562
999519
999462
12758993
240234
999567
999561
999477
999828
999535
999545
999471
999665
999701
999545
999471
12759395
239813
999459
999473
999550
999698
999607
999503
999552
999639
999728
999557
999480
12759234
239898
999568
999833
999484
999421
999700
999551
999479
999653
999535
999711
999472
12777204
221194
999114
999824
999237
999773
999678
999307
999590
999966
999116
999622
999669
12764275
234079
999093
999490
999756
999681
999429
999559
999669
999642
999537
999430
999663
12760522
238306
999550
999573
999388
999732
999605
999892
999226
999636
999892
999273
999536
12758925
240401
999398
999719
999507
999692
999561
999470
999496
999724
999566
999515
999536
12759024
240259
999577
999555
999506
999680
999562
999472
999552
999794
999431
999593
999530
12759219
240108
999568
999558
999509
999670
999571
999555
999508
999610
999590
999595
999530
12758969
240430
999415
999567
999803
999243
999563
999875
999227
999739
999451
999621
999544
12759421
239863
999575
999568
999498
999668
999561
999473
999663
999609
999555
999882
999348
12758863
240392
999410
999565
999508
999716
999566
999473
999534
999741
999469
999599
999562
12760783
238169
999376
999592
999539
999636
999588
999600
999535
999614
999591
999599
999535
12758901
240423
999565
999564
999503
999689
999563
999482
1000023
999042
999506
999615
999544
12759095
240147
999558
999556
999495
999673
999543
999648
999387
999722
999608
999607
999836
12758669
240244
999572
999557
999485
999695
999567
999482
999555
4781838
217421
999532
999534
999646
999678
999515
999488
999551
999737
999437
999604
999551
12759896
239400
999512
999338
999608
999751
999379
999695
999469
999669
999534
1001093
998701
12759453
236206
999805
999490
999230
999565
1000111
998521
999540
999675
999595
999589
999539
12762282
236792
999162
999535
999825
999314
999583
999601
999540
999632
999588
999674
999369
12759196
240132
999548
999535
999474
999812
999526
999462
999550
999696
999527
999589
999534
12759187
240077
999542
999529
999640
999670
999521
999464
999533
999676
999677
999446
999637
12758830
240391
999535
999536
999633
999779
999298
999436
999547
999616
999601
999585
999557
12759063
240233
999390
999704
999478
999817
999444
999471
999546
999691
999457
999698
999438
12759097
240138
999575
999551
999475
999760
999550
999477
999629
999661
999460
999705
999380
12759095
240214
999539
999530
999619
999695
999527
999548
999398
999785
999909
999155
999622
12758916
240392
999543
999533
999457
999847
999375
999645
999396
999896
999293
999619
999530
12759048
240332
999392
999539
999623
999703
999531
999479
999548
999640
999615
999698
999373
12759612
239810
999385
999544
999550
999773
1000606
998706
998769
999720
999451
999630
999398
12765108
233535
999140
999484
999247
999716
999442
999608
999540
999754
999302
999695
999385
12759057
240397
999386
999711
999450
999687
979710
998799
999598
999586
999894
999221
999511
12759795
239465
999370
999543
999617
999762
999376
999714
999477
999750
999387
999707
999469
12759001
240243
999558
999549
999470
999716
999530
999485
999524
999663
999599
999711
999462
12759046
240262
999554
999530
999465
999847
999354
999712
999435
999600
999581
999609
999545
12759025
240234
999548
999529
999469
999872
999356
999700
999401
999650
999584
999710
999352
12760046
239083
999546
999543
999640
999598
999546
999698
999446
999617
999670
999548
999459
12759925
239071
999540
999544
999469
999688
999542
999692
999465
999734
999546
999532
999628
12759078
240096
999553
999550
999454
999773
999561
999545
999481
999618
999678
999546
999461
12759156
240256
999392
999556
999634
999629
999517
999708
999812
999334
999557
999740
999223
12761137
237863
999402
999709
999470
999687
999542
999631
999356
999660
999578
999617
999517
12760214
246783
991825
999511
999462
999730
999544
999547
999623
999654
1004328
993889
998344
12761550
237050
999708
999379
999565
999456
999461
999603
999822
999306
999693
999428
999509
12759078
240451
999374
999465
999531
999702
999619
999910
999090
999780
999473
999620
999564
12759391
239917
1000280
998680
999357
999732
999708
999549
999449
999611
999710
999544
999466
12760073
239106
999462
999619
999523
999740
999525
999808
999552
999339
999550
999535
999623
12764089
234325
999174
999469
999652
999780
999193
999626
999543
999791
999495
999625
999388
12778152
219980
998898
999611
999397
999760
999434
999540
999703
999732
999384
999626
999455
12759137
239940
999547
999540
999474
999720
999780
999330
999328
999733
999543
999676
999470
12759050
240261
999392
999546
999483
999783
999546
999662
999624
999388
999548
999551
999639
12774635
223735
999174
999456
999391
999718
999466
999610
999550
999761
999452
999614
999533
12758912
240456
999355
999545
999640
999633
999548
999493
999534
999709
999705
999555
999373
12759059
240409
999394
999545
999623
999722
999532
999468
999526
999974
999399
999297
999627
12759007
240139
999541
999546
999470
999789
999548
999541
999464
999747
999532
999705
999461
12758980
240219
999553
999551
999465
999785
999549
999531
999468
999778
999548
999543
999623
12769232
229972
999760
999626
999326
999138
999624
999273
999531
999668
999617
999637
999411
12759473
239538
999382
999714
999465
999607
999701
999548
999454
999723
999550
999541
999624
12759693
239380
999544
999550
999466
999709
999557
999557
999628
999599
999566
999550
999626
12758997
240271
999380
999697
999472
999708
999544
999553
999467
999821
999550
999553
999470
12759386
239915
999543
999547
999466
999835
999381
999701
999468
999744
999578
999510
999474
12758929
240403
999370
999716
999468
999617
999709
999546
999461
999728
999550
999536
999468
12759897
239081
999887
999241
999635
999717
999395
999712
999471
999621
999568
999713
999478
12759317
239763
999375
999716
999476
999652
999547
999552
999622
999576
999709
999544
999468
12759031
240392
999353
999517
999471
999651
999708
999556
999472
999621
999707
999551
999481
12759073
240243
999378
999710
