1011472
979426
999330
1003093
996988
1000180
998853
996464
996114
996617
999418
998179
999476
998526
990795
998065
1000378
995075
997646
998812
999780
1000002
998099
997212
1004640
996001
997135
999940
998198
1000835
994124
995487
999503
999449
999410
999755
999808
1003552
998130
995392
995116
998260
998465
998230
999734
998615
999403
997499
998190
999470
999396
998600
997967
998361
999699
999091
1009251
989733
999539
1000328
995881
1000843
998023
998991
998383
999775
1006921
991590
999379
1000733
1001353
995938
998538
998862
1001059
998195
998877
998937
999022
999049
1000162
999040
999681
998747
999656
999460
999108
999786
999198
999533
1000425
998496
999089
999009
998279
999448
999469
999319
1000003
1002614
995983
1000676
998254
996622
999606
999514
998824
999429
999713
999625
997838
999171
999602
999481
999256
998272
999990
999017
998759
999964
999812
1000486
998861
1006635
992128
998966
997771
998842
999646
1000099
998989
998178
1001949
998370
996816
999585
999916
999416
998513
999363
999525
1001731
997889
998505
998528
999610
999291
999697
998987
999462
999369
999349
999795
999029
1002022
996656
998677
998751
999519
1004247
994947
999490
999586
1001557
998390
1006329
990820
998599
998783
1000368
998536
998907
998725
998706
999073
1002525
996911
998711
999120
999509
999251
998799
999061
1000164
997871
999563
1000546
999207
1000526
996043
1000032
1000979
997291
1000311
1001230
995652
999042
998107
1000155
999293
999355
999123
999429
1000546
999446
998803
999250
998942
1000540
997798
999079
999575
1000241
998526
1000108
998479
998450
999394
999669
1000160
1000009
1001581
994707
999949
998604
1001389
997371
999342
999347
999405
998810
999816
999357
1001876
997639
998706
998998
999896
998331
999886
998768
998804
1000803
998682
998024
999965
997127
999699
999567
998098
999731
999598
1000041
999946
998842
998725
1001671
996378
1000751
996806
999236
999915
999322
998977
998633
999530
999220
1000826
998495
999688
1000270
998071
998671
999728
999374
999854
998875
999126
999070
999259
999589
999533
999870
999706
1000828
998180
1000788
1002256
992032
1000260
999176
999344
999382
1000443
998259
997421
999757
1000151
997206
999146
999670
999721
999244
999586
999665
999941
1000771
1008929
998279
987371
995856
995843
1000263
999442
998945
999885
998331
1000437
998245
1003123
996498
996695
998877
997658
999464
1002660
995164
999695
999018
999819
998981
998149
999611
999587
999069
1000014
999470
1000516
998245
1002272
995509
1000593
999545
997261
999519
999535
999956
999431
1000869
994788
998753
999212
999672
999750
999882
998266
999414
1008918
989909
998862
999456
999688
999420
999430
999512
999391
1003327
993979
1002256
997573
998316
998847
997698
999905
999513
1001576
998700
997649
998985
1001171
1003686
990417
999252
999509
999566
999818
1000070
999756
999241
998517
999462
1000761
997901
999194
999234
1000242
998274
999269
999566
1000166
999154
998122
999566
1000217
1000084
998619
999141
999565
999462
999206
1000182
998305
996372
999003
999906
998979
999042
1000739
998138
999684
1000330
998632
998091
999749
999317
999147
1000121
999215
999289
999113
1010928
987865
999439
1000760
997884
999133
1000848
998764
999146
997091
1000628
1003617
998391
988372
1000355
999531
998900
999267
998477
999430
999767
999390
1000445
999184
998641
999001
999743
999121
1001056
998485
997973
1000736
997723
999396
999239
998216
999288
1000012
999110
1000219
1007425
992379
1003195
992135
999307
1008849
989644
998628
999710
999518
999818
999094
998711
999105
1011287
986499
1000462
998125
999685
999366
999669
999357
1000649
999530
998507
998855
998438
999531
999796
999592
1001666
998162
998212
1001637
1004029
989528
998459
999406
1001582
996976
1000917
997524
999651
999519
998275
999031
999216
999586
999572
999192
999521
1001119
997620
999625
1000199
999616
998105
998746
998670
999605
998790
998401
999584
999513
1001382
999277
997722
999731
998380
999240
999568
999548
999463
1000653
997283
999771
999842
999267
999316
999586
1000334
1000318
997818
999068
999814
1008433
989971
998860
997779
999321
992019
998507
998688
999090
999510
999823
1000973
996034
998779
981091
988228
999853
998045
999091
999299
1000595
997939
998706
999983
999477
998448
998998
999664
999591
999681
999262
1001058
989645
998783
998972
998103
999279
1002476
996933
998848
999183
1001637
1002258
991129
999165
999704
999567
999665
1000193
999779
998119
999457
999193
999872
1000783
997446
998905
1000684
998459
997517
999779
1000232
1000324
998031
999058
999749
999202
998480
999249
999209
999158
1000338
1000352
1001545
994490
999401
999647
999405
1001429
997272
998966
1000644
998657
999629
997600
998706
999542
1002117
996567
998343
1000169
999324
999744
998057
998360
999499
999577
1000345
999830
1003043
994601
999590
1000709
1000454
997968
996327
999108
1000363
998837
998649
999503
999446
998945
999703
999720
999860
999009
998515
999742
999093
1001125
1004936
991930
1000054
998533
1000203
997583
999596
998757
999452
999529
1000363
1000140
999299
999971
997272
998390
999458
999188
1000037
999890
999014
999620
999350
999681
1000241
999762
999010
999070
999394
998862
999078
998469
1000058
999582
999742
998340
998885
999364
999181
999474
999344
998891
999588
1012489
987330
997722
998840
999197
999688
1001048
997818
999391
999496
999507
999190
999038
999280
999513
999653
1000004
998838
999253
999829
999184
999188
999709
999210
998479
999619
999555
1000561
999593
998297
999415
1000605
1000152
999133
997272
999110
997980
999080
999104
999670
1000311
1001070
996193
999148
999504
999278
999533
998644
1000118
998831
999264
999579
999566
1000059
1007806
989251
1002404
995489
998380
1000083
998815
999984
998819
1000621
1000347
997390
998983
1000578
998326
998604
999166
999821
998950
999251
999760
999409
998369
999598
999471
999792
999171
1005210
995310
998738
998522
998270
1000577
998216
998402
999284
999246
1002887
995103
1001086
997400
1002298
994365
999643
999445
999000
1000039
998421
999073
999784
998406
999629
1000522
996973
1000171
999026
999924
998712
997415
999626
1000771
1000085
995075
999574
999470
999959
995827
998698
999847
999758
999101
1000824
998168
997331
999038
999433
999318
1003158
995188
1003423
994722
997729
998673
999435
999159
999281
999079
999419
998304
999733
999206
1000294
996854
998919
999216
999416
1000234
1000343
998512
999213
997934
999454
1001687
998342
997991
997960
999347
999448
999812
999018
998614
999335
999782
999265
1000313
998992
998192
1007411
991556
999776
999183
1000160
1005770
992927
998678
999358
999478
1001924
998050
998755
1000065
998519
1001190
998488
993797
999315
1002929
996973
995250
999764
1000015
998874
998311
999297
999473
999353
999602
1000464
998666
998906
1000512
997310
1000946
999300
996672
999501
1000019
998824
998575
999593
999506
999479
999887
1001139
999751
996300
998532
999758
999387
1002632
997186
998738
1008455
990205
999227
998964
999477
998728
998801
1000084
999532
999202
999599
1000241
999442
998412
998804
998462
999772
1001006
997105
999348
999676
1000072
1002335
998774
996570
997368
999538
999398
999151
998915
998765
1002888
995404
999321
998775
999480
1000268
998905
999454
999572
999419
999819
1001777
998058
999338
999079
987866
1002574
995694
999887
997942
998726
999204
1001858
998180
