1006739
978549
997530
998494
1000378
999774
998083
1000216
996307
999668
998847
1000540
1000229
997777
998605
999525
1003763
995662
997827
999060
997319
998981
999776
999482
999167
999500
999421
1000675
998571
999160
998561
999584
999630
1000866
1006979
989989
999099
1001879
997741
1000001
996346
997702
999469
999816
999282
999629
999231
999852
1000014
998157
1000179
999170
998597
999304
999380
999704
999111
1000631
999017
1002998
993938
999994
998871
1006124
991381
1001700
997799
999818
997068
1000566
1002002
996887
996221
999538
999536
999504
999300
1000109
998569
999671
998806
999158
999941
1003252
994984
998342
998519
999995
998687
999467
1000080
999044
999545
999545
1000026
1000402
997852
1003671
994495
1004466
996768
1000778
992857
999026
999557
999265
999447
1000488
997887
999401
999439
1000795
998753
998876
999404
999508
1009561
1018325
960329
998747
1000402
998031
999111
999471
999514
999699
999384
1000037
1003588
995372
998328
1003154
996575
997925
998812
999493
999984
999514
997752
999083
999518
999517
999682
999616
1000181
999705
998555
999629
1003512
995910
997490
999695
997808
999244
999103
999218
997958
1005321
993543
999379
999375
1001435
1004254
990611
999484
999832
1000913
1019816
977059
999169
999032
999594
999298
999396
999408
999423
1000063
999395
1000911
997628
999227
1000212
999048
998881
999956
998409
999518
998888
999905
998239
999345
999825
1001181
998583
997407
999596
999157
999978
998197
999452
1000725
998188
999336
999347
999411
999330
999398
1000179
998042
999482
999602
999689
1000160
1006826
990809
1002244
996601
999844
996980
999501
998564
998943
999899
997516
998725
999093
999208
1000875
997871
999169
999014
999578
1000254
1000568
997926
998789
999350
1000253
997769
999580
999508
1000901
998124
998727
1000009
1000285
988401
999820
998679
998896
1000462
998571
1002309
995749
998384
999817
998885
1000575
997591
999621
999466
999981
999422
999221
999175
999407
999397
1001137
997523
998484
999480
999996
999391
998059
999513
999974
999157
1000559
997969
1000246
998675
999323
1001882
1000409
991961
998864
998918
999112
998296
999653
999424
999472
999669
999679
999425
999718
999393
999816
998500
1008813
991217
998859
1008504
988800
1000386
998861
999402
1003721
996044
998410
999435
1000128
1000863
999513
993854
998864
1009164
992721
995015
999057
998628
1000114
998869
999223
999431
999423
999619
1000119
998484
999604
999619
999198
1001682
998645
997610
999513
997966
999955
998407
999407
999832
999427
999351
1001690
998387
998374
999023
1000064
998216
1001502
999718
997625
999191
997927
998407
999629
999460
1000329
998551
999772
999531
999555
999467
999968
999913
998477
999203
1002358
996383
999168
998991
999583
999569
999617
1000690
999138
997862
999642
1000801
997079
998924
999501
1000717
998855
998301
998923
999095
1000241
998495
999412
999458
999520
999588
999743
999806
999706
998909
1000183
997403
1000369
999812
998082
999516
999262
999920
1002571
994911
999439
998039
999656
999422
1000632
998839
998893
999065
999527
1007245
995571
994977
999708
998071
998149
999317
999611
999860
999735
998944
1003049
996676
1005622
991104
999910
999386
1001135
998845
999775
1000196
994583
998773
999709
999267
999557
999552
999591
999489
1000229
999577
998621
999109
1003653
996377
999569
997090
999336
999442
1006469
993193
997584
999443
999728
999827
999885
999174
999345
999229
1000450
999473
1001556
995446
999017
998943
999885
999366
999219
999518
1000170
998149
999424
1000297
999720
998372
999769
998987
999994
1005084
1025757
966823
998213
998142
998957
999559
999598
999666
999520
999575
999741
999758
999493
999244
987485
1001913
996160
999203
998433
999362
998784
1000505
998404
999426
999462
998876
1000548
998687
998496
999603
1003767
996330
998061
999237
997000
999263
999628
999401
999726
999620
999548
999868
1000748
1000633
996783
997895
999244
999486
1001355
997920
998814
1000216
997939
999027
1000054
998441
999977
999577
998929
999504
999239
1000232
1004613
994142
999288
999266
1000930
996302
999253
997596
998439
998489
999543
1000113
1000770
998647
998445
999611
998789
998628
1000214
1008535
989444
999206
968995
998777
999173
999260
999464
999400
1000820
998037
998466
999482
999741
999153
998811
998966
1000706
998969
998994
998834
998108
1000374
1001761
995484
998715
998710
999768
998723
1000377
999543
997380
999699
1001157
997557
998514
998993
999106
999571
999809
999498
998036
1000214
998380
998996
1001475
999339
997985
999145
999552
1001713
998929
997278
1000906
996592
997019
998788
999923
998811
1000610
997686
999612
999598
999815
998482
999807
1006588
991465
1000123
999160
998585
998051
1003736
995953
997441
999447
999520
999750
999526
1000955
999956
997837
998293
999551
1005983
994220
996459
998162
998957
999261
1000320
997969
999047
1012189
987943
998570
999971
997967
999139
999417
1001650
996148
999024
999407
1002074
996194
999469
999548
999479
999477
1000500
998291
999838
1000167
999092
1003583
993465
999490
1002102
996090
1000048
997270
998412
999146
999390
999887
999325
999524
999995
999710
1000011
997635
999272
999683
1001084
999314
998092
997920
999743
999642
997093
999961
999398
999568
999460
999690
1003767
994628
998086
1000344
998910
998680
998856
998176
999313
999368
999406
999873
999116
1013282
986169
998396
999859
999113
998847
999622
1001071
1000157
997052
998429
999753
997943
999224
998809
999278
998986
1000187
1001200
997379
997538
999941
998111
999228
1000001
998998
1002645
996456
999185
997549
998337
999102
998225
999369
999477
999690
999020
999673
1000294
999586
999241
998512
1001013
997077
999017
998231
999852
999230
998902
1001511
1000822
995953
997796
999327
999367
999000
999324
1001264
998084
998825
997429
998346
997626
999413
999397
999364
999395
999358
999340
1000307
999232
1000132
996534
999236
1001449
999404
997961
998824
998894
999201
1001258
999083
997348
1011163
987457
999159
999921
999427
999319
998485
999792
999754
1000544
996889
999159
999034
999226
999342
1000040
999071
1000221
997788
1000742
998770
999143
998333
999762
999484
1003190
996941
998380
1000499
997872
996671
999546
998878
999410
999178
999486
999432
999693
998968
1000425
997928
1010035
990288
997331
998886
998948
999534
1000316
999120
997401
999637
999674
999988
1000119
999899
998518
998501
1003892
999564
995848
997004
998696
998480
999296
999546
999033
999163
999568
1008223
990546
997700
999592
998877
999832
998883
999247
1001653
996901
999536
999230
996783
999785
999495
999612
999566
999895
1000140
999412
999325
1000955
996636
998302
1000111
1000972
996014
998961
999572
999853
999961
998009
998138
999139
999051
1001261
997980
998724
1004137
994028
998682
1003347
993506
999114
998221
999461
999613
999907
999445
999556
999511
1000467
1001271
1000833
994050
998852
999047
999520
1001198
997569
998828
998352
998011
999900
999073
999301
999605
999107
999892
1000174
998858
1000149
1004702
993342
998630
999744
997632
999087
998331
999331
999560
1000573
998044
1000865
1002239
995897
998358
998430
998976
999155
999806
1001338
996732
998753
999195
998893
998692
999956
999109
999550
999211
999612
1000938
999536
997806
1008458
989444
998930
1000001
998062
998790
998360
999739
998284
1002358
997405
998370
999088
999050
1000735
998434
998506
1000301
998042
