265799
193802
322055
171416
246059
248765
247732
248008
247898
247888
247892
247933
247942
247788
248053
247753
247918
247637
253230
243272
247833
247768
247897
248073
247908
247923
247933
247903
247927
247923
247917
247903
247922
252884
254303
235469
244936
244169
248694
241909
246249
247667
247938
251376
243633
247015
247923
248174
247903
247993
282549
210987
249414
249417
249613
249575
249398
249524
249541
249554
249706
249542
249547
249539
249706
249497
249662
249522
249547
249715
249543
249550
249549
249545
249712
249550
249543
249702
249555
249558
249544
249488
249756
249540
250254
249682
249863
248906
247194
249750
249396
249571
249724
249553
249455
251166
247126
249561
272225
226881
249347
249544
249542
249544
249704
249545
249544
250008
249114
249673
249695
249524
249520
249648
249592
249373
249712
249545
249556
249541
249704
249547
249549
249550
249703
249550
249551
249542
249705
249484
249623
249534
249686
249541
249547
249542
249704
249546
249537
249699
249547
249546
249539
249704
249535
249475
249823
249661
249516
249515
249682
249528
249672
249522
249739
249496
249521
249728
249909
248956
249164
249618
249576
249554
249667
249503
249675
249500
249661
249510
249675
249504
249660
249506
249667
249519
249664
249438
249679
249667
249512
249656
249504
249655
249511
249662
249509
249663
249548
249658
249507
249663
249513
249612
249876
249375
249507
249513
249679
249932
248493
250478
250255
249057
246230
248622
249687
249451
249582
249664
253188
245883
249310
249396
249751
249549
249977
248960
249618
249547
249547
249551
249717
249559
249553
249503
249782
249615
249414
249662
249348
249558
249609
249502
249710
249619
249555
249566
249629
249562
249584
249495
251958
247309
249612
249558
249508
249615
249557
249532
249714
249554
249543
249543
249714
249554
249495
249481
249921
249217
249710
249462
249552
249558
249718
249551
249557
249548
249561
249712
249624
249624
249393
249653
249618
249540
249546
249703
249535
249547
249547
249706
249553
249539
249554
249708
249545
249536
249559
249656
249536
249548
249700
249546
249538
249702
249539
249550
249541
249701
249539
249541
249715
249561
249553
249485
249721
249548
249541
249718
249558
249558
249555
249553
249716
249559
249555
249552
249559
249721
249550
249497
249695
249534
249543
249703
249545
249541
249539
249714
249544
249548
249706
249549
249549
249549
249705
249489
249678
249686
249511
249666
249511
249662
249507
249679
249512
249661
249504
249658
249510
249660
249511
249602
249559
249545
249536
249560
249724
249546
249558
249547
249563
249707
249556
249555
249561
249551
249717
249494
249695
249533
249548
249548
249560
249719
249552
249551
249560
249719
249553
249552
249558
249559
249713
249496
249693
249677
249508
249669
249498
249670
249494
249663
249500
249660
249499
249670
249504
249670
249496
249610
249502
249668
249665
249504
249675
249509
249669
249513
249670
249500
249660
249505
249667
249502
249666
249456
249511
249835
249508
249662
249499
249673
249502
249670
249501
249677
249514
249658
249503
249670
249496
249603
249488
249680
249666
249514
249667
249503
249659
249504
249690
249510
249497
249682
249523
249671
249507
249615
249544
249549
249656
249664
249503
249656
249652
249285
249520
249704
249540
249542
249550
249701
249538
249474
249763
249542
249555
249559
249714
249545
249559
249559
249549
249714
249557
249556
249552
249555
249710
249496
249695
249571
249541
249546
249541
249710
249544
249535
249553
249711
249547
249541
249541
249731
249538
249496
249708
249544
249539
249548
249713
249549
249555
249561
249717
249735
249424
249512
249682
249524
249701
249456
249579
249635
249662
249516
249666
249510
249664
249496
249660
249516
249665
249498
249667
249510
249673
249436
249546
249689
249698
249520
249514
249668
249514
249677
249504
249662
249502
249681
249518
249673
249512
249464
249714
249507
249672
249511
249672
249516
249667
249521
249658
249521
249660
249519
249661
249524
249659
249461
249537
249668
249671
249505
249662
249499
249671
249502
249663
249668
249500
249659
249502
249672
249504
249614
249471
249678
249683
249509
249663
249520
249672
249500
229373
249331
249476
249497
249522
249678
249507
249639
249576
249515
249682
249500
249674
249524
249672
249498
249679
249505
249663
249509
249662
249514
249657
249446
249612
249688
249497
249654
249655
249500
249668
249498
249668
249496
249664
249503
249652
249668
249507
249607
249556
249513
249666
249510
249671
249515
249682
249509
249675
249515
249669
249515
249676
249507
249665
249454
249566
249537
249700
249689
249386
249550
249703
249542
249547
249538
249705
249542
249544
249704
249543
249481
249598
249705
249552
249540
249548
249700
249542
249530
249695
249539
249551
249539
249702
249546
249541
249637
249562
249548
249715
249541
249552
249547
249703
249539
249545
249536
249711
249542
249554
249540
249701
249487
249696
249547
249542
249700
249544
249544
249540
249707
249542
249544
249543
249708
249540
249545
249538
249643
249912
252387
246589
249478
249678
249503
249684
249515
249671
249513
249516
249667
249509
249674
249500
249616
249456
249836
249510
249488
249662
249675
249501
249498
249662
249680
249503
249670
249504
249676
249492
249605
249594
249669
249511
249518
249670
249496
249678
249512
249669
249499
249670
249520
249666
249501
249667
249453
249564
249672
249662
249501
249659
249503
249666
249498
249672
249503
249675
249502
249664
249502
249673
249447
249668
249688
249507
249666
249496
249672
249503
249669
249503
249670
249514
249659
249520
249673
249507
249604
249513
249675
249507
249664
249507
249674
249505
249666
249510
249674
249503
249676
249504
249674
249512
249611
249590
249675
249509
249506
249666
249502
249665
251548
248648
246986
249475
249681
249533
249530
249686
249521
254950
244129
249319
249554
249553
249548
249544
249701
249543
249559
249543
249715
249558
249537
249538
249656
249673
249531
249543
249539
249707
249553
249550
249547
249716
249551
249548
249553
249716
249550
249553
249493
249602
249711
249526
251089
250456
245947
249344
249303
261584
237059
249583
249418
249686
249592
249394
249581
269238
229905
249272
249542
249710
249543
249546
249708
249619
249447
249647
249540
249417
249541
249760
249433
249781
249386
249553
249724
249624
249511
249548
249550
249701
249549
249547
249489
249769
249545
249547
249491
249841
249455
249619
249597
249544
249639
249539
249566
249539
249556
249701
249616
249545
249474
249543
249648
252692
246472
249355
249705
249797
249380
249537
249607
249629
249600
249536
249540
249614
249643
249540
249486
249658
249536
249702
249546
249555
249549
249714
249550
249560
249538
249710
249548
249556
249552
249545
249668
249545
249555
249703
249548
249542
249710
249552
249545
249553
249703
249540
249548
249545
249704
249545
249488
249811
249473
249543
249537
249703
249546
249544
249541
249705
249546
249548
249541
249706
249545
249544
249646
249563
249543
249701
249540
249548
249547
249704
249541
249549
249702
249550
249543
249543
249705
249539
249490
249727
249546
249543
249546
249711
249537
