514935
446051
494425
497509
497680
497835
498000
497970
498477
492671
498757
499960
499492
499367
499140
499653
500150
498980
499358
499632
499486
499651
499636
499484
499570
499486
499793
499490
499644
499479
499639
499628
499403
499663
499567
499643
499658
499472
499629
499624
499556
499425
499802
499493
499640
499650
500494
498751
498160
499798
499555
499208
499947
499632
499185
499936
499537
499650
499581
499557
499426
499638
499648
499489
499578
499418
499797
499827
501282
496743
498598
499636
499351
499889
499131
499969
499171
499539
499145
499659
499211
500527
498912
499513
499467
499961
499203
499654
499655
499556
502062
496947
499158
499773
499561
499487
499651
499571
499607
499359
499647
499738
499533
499335
499240
499716
499175
499930
499423
499322
499934
499178
499563
499762
499459
499926
499611
499175
499637
499944
499224
500513
498264
499486
499643
499939
499182
499645
499894
499531
499282
499936
499599
499915
498969
499480
499563
499523
499422
499924
499600
499594
499602
499595
499527
499456
499761
499602
499603
499210
499926
499618
499117
500053
499549
499608
499617
499157
499643
499933
499532
499505
499329
499641
499925
499605
499175
499938
499530
499602
499293
499915
499595
499608
499607
499145
499580
499944
499631
499606
499163
499645
499931
499604
499125
499915
499311
499636
499931
499611
499179
499925
499552
499563
499303
499929
499618
499601
499177
499648
499850
499440
499798
499475
499648
499487
499612
499639
499405
499580
499790
499473
499649
499478
499634
499640
499408
499616
499638
499637
499637
499484
499632
499638
499408
499640
499783
499179
499642
499930
499192
499918
499528
499587
499677
499482
499645
499482
499642
499645
499412
499511
499796
499634
499475
499644
499642
499482
499589
499441
499517
499933
499516
499632
499477
499637
499566
499494
499637
499647
499662
499487
501458
496822
498855
499765
498995
499944
499222
499943
499182
499644
499861
499609
499267
499942
499180
499936
499616
499168
499574
499952
499612
499690
500811
498056
498758
499314
499322
499831
499128
499840
499273
499563
499878
499357
499401
499971
499523
499174
499639
499904
499100
499628
499619
499661
499419
499125
499928
499610
499678
499165
499921
499556
499695
499413
499610
499722
499475
499813
499216
499533
499286
499928
499630
499163
499637
499929
499550
499568
499619
499611
499601
499603
499167
499637
499856
499550
499315
499931
499607
499614
499158
499625
499852
499600
499637
499616
499179
499649
499533
499923
499547
499585
499681
499196
499635
499947
499165
499640
499860
499565
499312
499935
499611
499190
499641
499923
499117
499932
499273
499654
499516
499938
499618
499196
499574
499978
499609
499162
499641
499930
499603
499190
499558
499902
499316
499928
499616
499604
499160
499638
499866
499637
499623
499177
499637
499922
499618
499164
499861
499568
499322
499652
499933
499181
499634
499931
499115
499892
499862
499344
499610
499605
499176
499643
499880
499480
499336
499651
499933
499167
499931
499610
499539
499567
499317
499932
499605
499179
499940
499610
499536
499543
499335
499928
499608
499175
499634
499938
499534
499470
499775
499176
499945
499608
499619
499170
499862
499562
499313
499635
499928
499620
499161
499640
499853
499585
499323
499942
499599
499157
499641
499935
499118
499879
499362
499936
499623
499366
499544
499480
499841
499599
499607
499614
499188
499641
499927
499185
499565
499884
499680
499616
499164
499642
499959
499098
499687
499722
499147
499941
499614
499195
499939
499606
499540
499496
499346
499646
499518
499638
499933
499599
499081
499936
499313
499661
499924
499180
499633
499919
499537
499579
499642
499607
499606
499151
499635
499946
499531
499466
499551
499327
499641
499927
499611
499166
499574
499758
499473
499933
499604
499159
499635
499946
499537
499579
499622
499607
499168
499655
499519
499636
499857
499624
499540
499609
499623
499166
499657
499933
499083
499827
499478
499936
499624
499162
499928
499586
499526
499560
499341
499939
499188
499652
499931
499190
499571
499894
499317
499928
499609
499603
499153
499643
499850
499502
499335
499644
499938
499189
499926
499611
499528
499482
475883
505456
493348
499630
499489
501458
497619
499573
499643
499652
499472
499648
499489
499641
499574
499496
499643
499638
499644
499488
499658
499428
499402
499636
500876
498368
499616
499483
499640
499642
499400
499629
499627
499634
499643
499483
499638
499644
499402
499541
499810
499474
499651
499642
499481
499641
499413
499722
499341
499937
499172
499652
499966
499164
499853
499618
499324
499527
499937
499631
499168
499643
499925
499550
499210
499949
499630
499160
499633
499931
499542
499488
499341
499936
499610
499609
499162
499650
499866
499493
499344
499645
499940
499177
499650
499943
499089
499898
499358
499650
499521
499949
499627
499167
499577
499944
499632
499611
499163
499639
499934
499196
499723
499671
499315
499640
499939
499192
499942
499614
499534
499544
499322
499943
499617
499165
499644
499936
499537
499661
499177
499953
499600
499602
499176
499961
499531
499486
499782
499172
499648
499940
499157
499641
499858
499509
499560
499339
499934
499621
499166
499655
499856
499588
499319
499933
499183
499644
499947
499160
499578
499784
499795
499202
499644
499523
499646
499520
499572
499930
499615
499625
499195
499654
499517
499647
499455
499890
499344
499640
499924
499605
499189
499641
499846
499484
499785
499169
499943
499625
499611
499165
499565
499885
499311
499925
499626
499610
499163
499645
499853
499605
499630
499610
499186
499936
499609
499611
499080
500050
499628
499170
499644
499938
499165
499653
499865
499388
499489
499946
499171
499649
499932
499168
499572
499921
499630
499607
499620
499164
499649
499929
499546
499490
499328
500007
499386
499640
499502
499664
499413
499630
499644
499658
499467
499626
499642
499484
499576
499594
499301
499911
499597
499601
499598
499605
499524
499478
499510
499323
499920
499603
499596
499601
499524
499533
499311
499920
499602
499585
499585
499606
499518
499638
499582
499612
499593
499604
499188
499937
499534
499457
499769
499608
499609
499583
499179
499919
499544
499537
499330
499624
499919
499592
499609
499603
499087
500032
499640
499518
499598
499599
499600
499603
499091
499776
499477
499925
499612
499606
499605
499164
499690
499577
499476
499968
499169
499633
499906
499597
499538
499574
499619
499593
499601
499599
499586
499603
499087
499773
499485
499919
499589
499604
499602
499585
499510
499463
499761
499618
499599
499159
499625
499920
499537
499606
499218
499930
499604
499596
499176
499627
499851
499565
499323
499926
499600
499600
499603
499182
499855
499544
499763
499179
499926
499589
499604
499602
499521
499590
499612
499606
499599
499596
499593
499185
499849
499531
499756
499595
499192
499921
499593
499604
499519
499567
499296
499639
499925
499603
499599
499162
499534
499863
499345
499638
499911
499601
499607
499169
499558
499906
499342
499919
499613
499180
499638
499926
499523
499557
499308
499920
499597
499592
499597
499597
499108
499903
499322
499621
499914
499589
499587
499600
