270567
249638
253868
254770
256635
253441
254789
254960
254800
254980
254905
254925
254940
254935
254929
254919
254944
254929
254935
254584
250915
254980
254966
254966
254962
254834
255309
264911
244758
255487
256003
254213
254005
254898
255301
259474
250375
255040
254859
255387
254636
255018
255026
254855
255024
255012
255033
255015
254859
255016
254969
255170
254838
255025
255018
254845
254998
255002
255020
255003
255001
255014
255028
254847
255006
255012
254967
255173
254806
254996
255025
255088
254986
256309
256122
253141
254305
254989
255019
254869
254915
255136
255110
254860
254954
254966
254972
254904
254904
255070
256443
254087
254351
255065
255017
255030
254892
255007
254885
255034
255050
255041
254899
255046
254879
255043
255061
254880
255041
255033
254886
255043
255049
254832
255457
254627
255035
254900
255034
254952
254992
255055
254880
255046
254885
255056
255056
254878
254976
254976
255007
255038
254888
255033
255050
254884
255051
255128
254878
254890
255056
255036
254881
255054
255030
255296
254665
254876
255049
255031
254877
255059
255037
254865
255036
255034
254875
255041
255042
254874
254974
255090
254915
255047
254890
255054
255051
254886
255041
255053
254892
255038
254881
255044
255052
254800
255125
254940
254899
255061
254890
255066
254902
255059
254901
256007
255754
255135
256378
252765
253967
255064
255176
254635
255192
255026
254742
255066
254890
255459
254648
255125
255157
254726
254962
254828
255063
254908
255315
254943
254905
255036
254866
255023
255021
255154
254867
255159
254881
254864
255033
254865
255024
259761
250217
255047
254866
255103
254949
255027
254865
255017
255026
255094
254962
254899
255024
255027
254825
255165
254858
255012
255082
254947
254849
255166
254860
255124
255023
254917
254956
255029
254959
254860
254965
255145
254869
255015
255026
255033
254868
255024
255024
255022
254866
255020
255016
255017
255034
254867
254968
255016
255028
255035
254860
255022
255021
255017
255017
254856
255015
255028
255024
255021
254860
254955
255165
254867
255026
255027
254860
255027
255018
255018
255008
254865
255028
255021
255020
255027
254865
254966
255009
255057
255024
254886
255024
255022
255026
254879
255026
255027
255024
254866
255021
255026
255026
254822
255066
255033
255012
254853
255022
255021
255025
255024
254867
255013
255047
254865
255025
255034
254949
254868
255656
254398
254879
255185
255021
254847
255017
255024
255020
255022
254860
255019
255006
255016
254970
255032
255027
254864
255013
255028
254856
255018
255020
255030
255021
254876
255027
255030
255011
254867
254963
255042
255024
255019
254881
255015
255019
255024
254860
255027
255018
255018
255035
254865
255023
254953
255115
254868
255020
255025
255024
254860
255023
255023
255035
254868
255023
255017
255015
254842
255006
254970
255157
254914
255024
254868
255013
255029
255029
254878
255030
255026
255020
254870
255028
255024
255026
254800
255064
255016
255008
255027
254865
255021
254938
255171
254861
255023
255020
255024
254855
255012
254954
255049
255019
255024
254890
255026
255009
255024
254856
255018
255015
255023
255025
254851
255017
255012
254954
255007
255047
254848
255028
255021
255025
255027
254856
255008
255035
255022
254863
255026
255029
255017
254958
254917
255014
255017
255016
255022
254859
255020
255023
255014
255024
254863
255016
255013
255022
254955
255505
254553
254858
255033
255034
254867
255033
255023
255033
254860
255026
255022
255023
255023
254856
254989
255114
254949
254858
255026
255027
255021
255018
254866
255024
255013
255029
254849
255021
255020
255020
254960
254890
255016
255021
255021
255018
255028
254861
255019
255036
255043
254753
255089
255023
255032
255013
254791
255057
255032
255014
255024
254866
255017
255025
255025
255085
254863
255025
254859
255019
255028
254962
254960
255044
255024
254863
255025
255026
255030
255024
254866
255042
255028
254861
255024
255023
255028
254794
255053
255020
255023
255020
255014
254852
255033
255013
255029
255018
254859
255022
255019
255011
255025
254800
255037
255026
255024
255025
254861
255042
255023
255029
254865
255021
255026
255026
254859
255019
254961
255109
254970
255479
254805
254910
254925
254712
254891
255146
254874
254918
255056
254899
255056
254899
255022
255043
254892
255062
255052
254915
255057
254900
255056
254896
255061
254898
255055
255055
254903
255056
261913
248024
254885
255057
255062
254894
255060
254896
255058
254898
255056
255057
254899
255056
254897
254993
255103
255033
255022
255028
254863
255015
255029
255026
254868
255027
255022
255029
254863
255027
255033
254966
255040
254853
255023
255022
255028
255018
254861
255024
255027
255026
254862
255034
255028
255016
254871
254956
254935
255181
254870
255018
255022
255029
255022
254861
255024
255025
255015
254848
255019
255019
254958
255132
254907
255014
254860
255031
255031
255024
254867
255022
255034
255024
254867
255022
255026
255027
254800
255167
254850
255030
255023
255026
254866
255020
255020
255029
255022
254849
255022
255027
255027
255023
254806
255012
255025
255025
255026
255029
254874
255023
255028
254866
255024
255026
255025
255036
254869
254956
256421
253632
254917
255065
255024
254737
255055
254908
255056
254910
255054
254909
255055
255068
254895
255020
255058
254886
255042
255033
254888
255067
254890
255043
254883
255049
255049
254878
265613
244613
254889
254981
254951
255048
255047
254874
255043
255041
254892
255045
255045
254882
255050
255043
254886
255041
254901
254993
254955
255047
255054
254888
255054
255045
254888
255048
254894
255052
255055
254889
255056
254883
254992
254908
255048
255057
255058
254881
255058
254891
255051
255050
254886
255069
254886
255060
254897
255046
254984
255060
254902
255057
254899
255061
254894
255067
254898
255050
254905
255073
255060
254900
255065
254910
254996
255098
254867
255047
254889
255041
254910
255049
254887
255059
255078
254898
255057
254898
255072
254844
255073
255048
254897
255052
254883
255043
255053
254899
255052
254889
255038
255035
254891
255041
255044
254826
254915
255214
254900
255057
254895
255037
255053
254894
255046
254875
255060
255054
254898
255050
254895
254990
255020
255070
254889
255056
254891
255050
255051
254894
255051
254890
255051
254893
255054
255049
254835
254917
255055
255046
255048
254897
255053
254890
255043
255044
254892
255049
254885
255057
255057
254895
254983
255017
255061
254882
255056
254891
255046
255048
254886
255043
254896
255056
255062
254890
255048
254884
254987
255024
255058
254892
255054
255071
254899
254893
255044
255056
254899
255058
255044
254886
255052
254831
254937
255216
254895
255061
254881
255044
255046
254895
255035
254899
255058
255056
254882
255053
254894
254992
254913
255048
255053
254903
255045
255061
254892
255067
254887
255058
255057
254905
255050
254895
255056
254840
255155
254902
255070
254886
255056
254892
255054
254901
255061
255051
254902
255045
254903
255051
254837
255043
255164
254703
255064
254907
255246
254903
255049
254904
255072
254905
255065
254904
255082
254904
255004
254956
255058
254891
255051
255041
254887
255047
254891
